0
0
1 1 2 10 39 44 77 66 47 92 51 14 67 99 100 96 35 36 54 59 81 89 53 2 4 11 22 36 48 95 25 33 45 62 64 75 87 44 54 61 88 62 87 72 11 12 34 46 76 13 32 44 82 57 58 100 49 82 94 7 13 58 85 95 99 64 20 83 98 28 38 9 33 56 74 34 15 19 29 57 94 30 96 21 39 69 46 3 3 12 12 22 37 50 86 74 24 30 76 50 78 65 67 9 17 29 56 74 84 85 99 35 60 56 6 68 54 2 4 23 26 44 54 55 79 58 79 59 89 30 95 51 14 31 95 87 38 41 90 98 9 33 83 91 96 40 57 54 13 24 31 55 50 26 31 58 67 62 1 2 4 5 5 9 96 101 100 39 94 85 7 16 19 50 26 23 91 68 12 58 90 16 11 14 76 90 53 38 40 74 69 57 62 8 15 36 81 58 43 55 58 11 33 57 85 40 82 65 2 3 10 16 21 24 42 47 86 60 50 64 73 30 54 56 60 76 82 73 87 28 31 34 59 11 19 73 98 36 47 87 89 13 18 28 34 50 71 52 67 41 85 32 57 50 56 42 90 15 21 41 46 2 3 5 12 23 37 49 96 26 34 46 63 65 76 88 45 55 62 89 63 88 73 12 13 35 47 77 14 33 45 83 58 59 101 50 83 95 8 14 59 86 96 100 65 21 84 99 29 39 10 34 57 75 35 16 20 30 58 95 31 97 22 40 70 47 13 23 38 51 87 75 25 31 77 51 79 10 14 32 59 68 56 34 41 47 47 3 4 4 8 95 100 99 38 93 84 6 15 18 49 25 22 90 67 11 57 89 15 10 13 75 89 52 37 39 73 68 56 61 7 14 35 80 57 42 54 57 10 32 56 84 13 33 39 81 64 49 57 88 
1 1 2 3 3 3 7 8 10 11 11 22 25 31 46 87 68 58 68 75 41 42 82 89 99 51 56 75 12 35 58 94 98 67 100 31 32 80 99 34 48 84 76 95 13 15 26 29 39 18 20 96 22 36 82 25 33 61 72 87 62 44 45 87 88 54 62 75 64 46 56 85 38 55 84 90 44 57 76 64 52 95 14 73 24 24 34 39 65 50 56 57 64 75 57 81 33 87 11 25 34 35 51 57 58 65 76 58 82 40 12 12 13 32 33 81 100 35 49 85 77 96 59 95 99 68 101 26 47 69 43 83 90 100 14 39 45 58 77 65 53 96 85 91 16 30 40 19 57 86 21 23 37 83 26 34 62 73 88 63 45 46 88 89 55 63 76 65 47 21 26 30 34 86 91 57 74 99 67 38 67 31 58 62 39 50 54 74 55 9 28 54 88 89 29 66 73 30 84 10 13 44 51 87 47 51 54 19 35 76 89 44 49 68 41 50 67 2 3 13 23 41 79 4 5 10 14 15 50 62 74 90 70 5 5 7 16 38 59 9 11 58 12 57 84 101 38 14 14 29 97 50 23 94 96 33 8 20 31 34 36 40 16 39 95 55 10 59 11 16 41 47 50 60 60 54 36 42 15 28 57 50 1 2 6 12 47 73 85 95 64 85 92 95 54 56 90 59 57 89 4 9 10 46 59 60 83 31 52 100 58 86 33 56 87 47 59 74 96 2 2 2 12 17 21 79 22 30 40 90 24 71 36 50 67 78 3 4 4 13 13 22 32 93 95 28 96 49 14 32 4 11 37 99 56 83 100 6 15 37 58 8 10 57 9 13 21 14 49 61 73 89 56 69 7 15 31 57 38 54 56 94 19 30 98 33 79 35 39 13 18 23 53 98 77 81 82 34 42 47 
1
1
1 2 4 5 5 9 96 101 100 39 94 85 7 16 19 50 26 23 91 68 12 58 90 16 11 14 76 90 53 38 40 74 69 57 62 8 15 36 81 58 43 55 58 11 33 57 85 40 82 65 2 3 10 16 21 24 42 47 86 60 50 64 73 30 54 56 60 76 82 73 87 28 31 34 59 11 19 73 98 36 47 87 89 13 18 28 34 50 71 52 67 41 85 32 57 50 56 42 90 15 21 41 46 2 3 5 12 23 37 49 96 26 34 46 63 65 76 88 45 55 62 89 63 88 73 12 13 35 47 77 14 33 45 83 58 59 101 50 83 95 8 14 59 86 96 100 65 21 84 99 29 39 10 34 57 75 35 16 20 30 58 95 31 97 22 40 70 47 13 23 38 51 87 75 25 31 77 51 79 10 14 32 59 68 56 34 41 47 47 1 2 10 39 44 77 66 47 92 51 14 67 99 100 96 35 36 54 59 81 89 53 2 4 11 22 36 48 95 25 33 45 62 64 75 87 44 54 61 88 62 87 72 11 12 34 46 76 13 32 44 82 57 58 100 49 82 94 7 13 58 85 95 99 64 20 83 98 28 38 9 33 56 74 34 15 19 29 57 94 30 96 21 39 69 46 3 3 12 12 22 37 50 86 74 24 30 76 50 78 65 67 9 17 29 56 74 84 85 99 35 60 56 6 68 54 2 3 4 4 8 95 100 99 38 93 84 6 15 18 49 25 22 90 67 11 57 89 15 10 13 75 89 52 37 39 73 68 56 61 7 9 33 83 91 96 40 57 54 10 13 13 33 39 81 64 49 26 57 88 62 31 58 67 24 31 55 50 32 56 84 14 35 80 57 42 54 57 4 23 26 44 54 55 79 58 79 59 89 30 95 51 14 31 95 87 38 41 90 98 
1 1 2 11 16 41 47 50 60 60 54 36 42 15 28 57 50 2 2 12 17 21 79 22 30 40 90 24 71 36 50 67 78 3 4 4 13 13 22 32 93 95 28 96 49 14 32 4 11 37 99 56 83 100 6 15 37 58 8 10 57 9 13 21 14 49 61 73 89 56 69 7 15 31 57 38 54 56 94 19 30 98 33 79 35 39 13 18 23 53 98 77 81 82 34 42 47 2 3 3 3 7 8 10 11 11 22 25 31 46 87 68 58 68 75 41 42 82 89 99 51 56 75 12 35 58 94 98 67 100 31 32 80 99 34 48 84 76 95 13 15 26 29 39 18 20 96 22 36 82 25 33 61 72 87 62 44 45 87 88 54 62 75 64 46 56 85 38 55 84 90 44 57 76 64 52 95 14 73 24 24 34 39 65 50 56 57 64 75 57 81 33 87 11 25 34 35 51 57 58 65 76 58 82 40 12 12 13 32 33 81 100 35 49 85 77 96 59 95 99 68 101 26 47 69 43 83 90 100 14 39 45 58 77 65 53 96 85 91 16 30 40 19 57 86 21 23 37 83 26 34 62 73 88 63 45 46 88 89 55 63 76 65 47 21 26 30 34 86 91 57 74 99 67 38 67 31 58 62 39 50 54 74 55 9 28 54 88 89 29 66 73 30 84 10 13 44 51 87 47 51 54 19 35 76 89 44 49 68 41 50 67 2 3 13 23 41 79 4 5 10 14 15 50 62 74 90 70 5 5 7 16 38 59 9 11 58 12 57 84 101 38 14 14 29 97 50 23 94 96 33 8 20 31 34 36 40 16 39 95 55 10 59 2 6 12 47 73 85 95 64 85 92 95 54 56 90 59 57 89 4 9 10 46 59 60 83 31 52 100 58 86 33 56 87 47 59 74 96 
1
1
1
1
