0
0
1 2 2 2 16 18 65 53 35 42 53 3 3 9 10 16 45 91 76 21 30 30 42 92 92 55 67 49 82 82 13 63 77 89 49 57 63 63 83 63 5 28 29 35 47 64 72 99 53 66 76 28 41 54 75 51 34 34 63 82 97 92 77 11 83 87 19 43 11 17 26 62 31 39 42 6 10 50 58 80 81 98 99 24 48 64 21 28 32 47 67 99 59 47 71 74 3 5 9 27 68 58 37 81 40 12 13 94 20 35 100 40 5 7 11 19 34 43 78 69 94 73 17 36 86 88 53 10 17 43 62 55 12 12 12 67 70 94 13 28 30 41 68 31 40 55 74 16 21 29 29 97 24 34 34 60 65 54 83 86 13 12 19 23 70 46 54 73 77 21 78 39 95 45 87 49 1 2 2 12 15 33 82 36 61 24 37 54 88 19 60 98 100 82 23 39 88 88 16 21 33 62 42 27 62 74 78 32 60 65 72 75 67 67 85 99 43 87 69 3 3 3 17 19 66 54 36 43 54 4 4 10 11 17 46 92 77 22 31 31 43 93 93 56 68 50 83 83 14 64 78 90 50 58 64 64 84 64 6 29 30 36 48 65 73 100 54 67 77 29 42 55 76 52 35 35 64 83 98 93 78 12 84 88 20 44 12 18 27 63 32 40 43 7 11 51 59 81 82 99 100 25 49 65 22 29 33 48 68 100 60 48 72 75 13 13 68 71 95 14 29 31 42 69 32 41 56 75 22 30 30 98 35 35 61 66 84 87 1 1 1 1 11 14 32 81 35 60 23 36 53 87 18 59 97 99 81 22 38 87 87 15 20 32 61 41 26 61 73 77 31 36 42 86 44 68 86 94 89 59 64 71 74 66 66 84 98 5 7 13 16 19 20 25 33 33 44 47 47 49 90 34 46 41 6 6 8 53 52 16 20 45 53 93 95 56 61 80 33 88 10 42 88 4 4 4 6 12 44 79 85 98 76 77 87 23 54 87 15 17 29 65 95 25 91 96 6 34 67 68 94 77 44 77 48 7 7 20 38 98 51 98 14 35 40 44 51 66 47 49 16 7 9 15 60 18 15 65 25 48 32 68 86 
1 1 2 2 3 12 29 84 42 66 22 65 49 6 14 16 22 69 77 85 88 24 71 99 30 17 21 31 61 72 92 42 82 62 78 93 22 31 48 62 74 68 98 43 64 29 61 63 84 50 67 76 83 13 44 81 75 3 13 35 72 32 51 68 4 7 23 33 33 54 84 64 82 100 98 43 65 78 90 30 36 40 82 69 3 4 10 12 19 75 29 19 52 78 87 88 60 67 29 32 37 11 25 100 27 46 73 87 60 93 27 33 36 66 43 50 93 35 42 77 54 56 58 83 65 12 15 17 36 100 39 60 18 98 32 55 75 88 83 64 67 64 14 99 20 35 43 54 64 88 100 54 11 35 48 56 95 59 30 31 48 41 68 1 1 2 5 21 27 68 33 53 87 94 5 13 16 20 21 42 47 63 30 47 61 73 67 97 30 60 71 91 41 81 61 77 92 28 39 49 66 75 82 60 62 83 15 23 29 41 70 98 21 68 76 84 87 12 74 98 94 13 43 80 3 11 15 28 41 65 95 43 43 83 21 34 64 86 48 49 73 5 25 98 12 2 3 6 29 37 48 46 61 22 36 38 42 64 77 89 32 36 32 53 83 63 81 99 97 24 33 51 35 55 68 39 81 34 95 35 7 10 12 13 91 23 73 31 50 67 34 88 95 71 81 20 68 87 53 6 7 9 44 66 54 67 6 7 18 10 19 34 98 47 20 44 29 14 15 16 52 85 87 1 1 2 3 5 6 7 9 10 26 32 34 86 41 76 35 65 42 49 92 53 77 55 57 82 64 24 26 40 45 72 86 59 92 99 11 18 28 49 74 18 28 36 62 31 51 77 86 87 59 66 11 45 90 40 65 45 49 76 4 6 60 7 8 51 11 14 17 19 56 31 54 74 87 82 63 66 63 68 97 16 35 38 86 99 17 59 12 20 13 13 69 98 16 19 34 42 53 63 87 99 53 4 25 9 16 40 58 79 89 93 94 46 77 88 10 17 53 96 100 29 30 40 42 54 47 88 47 54 78 67 12 12 19 94 34 47 78 55 94 58 70 33 44 80 4 15 32 23 35 77 48 16 65 17 20 44 77 25 44 
1
1
1 2 2 12 15 33 82 36 61 24 37 54 88 19 60 98 100 82 23 39 88 88 16 21 33 62 42 27 62 74 78 32 60 65 72 75 67 67 85 99 43 87 69 3 3 3 17 19 66 54 36 43 54 4 4 10 11 17 46 92 77 22 31 31 43 93 93 56 68 50 83 83 14 64 78 90 50 58 64 64 84 64 6 29 30 36 48 65 73 100 54 67 77 29 42 55 76 52 35 35 64 83 98 93 78 12 84 88 20 44 12 18 27 63 32 40 43 7 11 51 59 81 82 99 100 25 49 65 22 29 33 48 68 100 60 48 72 75 13 13 68 71 95 14 29 31 42 69 32 41 56 75 22 30 30 98 35 35 61 66 84 87 1 2 2 2 16 18 65 53 35 42 53 3 3 9 10 16 45 91 76 21 30 30 42 92 92 55 67 49 82 82 13 63 77 89 49 57 63 63 83 63 5 28 29 35 47 64 72 99 53 66 76 28 41 54 75 51 34 34 63 82 97 92 77 11 83 87 19 43 11 17 26 62 31 39 42 6 10 50 58 80 81 98 99 24 48 64 21 28 32 47 67 99 59 47 71 74 3 5 9 27 68 58 37 81 40 12 13 94 20 35 100 40 5 7 11 19 34 43 78 69 94 73 17 36 86 88 53 10 17 43 62 55 12 12 12 67 70 94 13 28 30 41 68 31 40 55 74 16 21 29 29 97 24 34 34 60 65 54 83 86 13 12 19 23 70 46 54 73 77 21 78 39 95 45 87 49 1 1 1 11 14 32 81 35 60 23 36 53 87 18 59 97 99 81 22 38 87 87 15 20 32 61 41 26 61 73 77 31 36 42 86 44 68 86 94 89 59 64 71 74 66 66 84 98 5 7 13 16 19 20 25 33 33 44 47 47 49 90 34 46 41 6 6 8 53 52 16 20 45 53 93 95 56 61 80 33 88 10 42 88 4 4 4 6 12 44 79 85 98 76 77 87 23 54 87 15 17 29 65 95 25 91 96 6 34 67 68 94 77 44 77 48 7 7 20 38 98 51 98 14 35 40 44 51 66 47 49 16 7 9 15 60 18 15 65 25 48 32 68 86 
1 1 2 2 3 12 29 84 42 66 22 65 49 6 14 16 22 69 77 85 88 24 71 99 30 17 21 31 61 72 92 42 82 62 78 93 22 31 48 62 74 68 98 43 64 29 61 63 84 50 67 76 83 13 44 81 75 3 13 35 72 32 51 68 4 7 23 33 33 54 84 64 82 100 98 43 65 78 90 30 36 40 82 69 3 4 10 12 19 75 29 19 52 78 87 88 60 67 29 32 37 11 25 100 27 46 73 87 60 93 27 33 36 66 43 50 93 35 42 77 54 56 58 83 65 12 15 17 36 100 39 60 18 98 32 55 75 88 83 64 67 64 14 99 20 35 43 54 64 88 100 54 11 35 48 56 95 59 30 31 48 41 68 1 1 2 5 21 27 68 33 53 87 94 5 13 16 20 21 42 47 63 30 47 61 73 67 97 30 60 71 91 41 81 61 77 92 28 39 49 66 75 82 60 62 83 15 23 29 41 70 98 21 68 76 84 87 12 74 98 94 13 43 80 3 11 15 28 41 65 95 43 43 83 21 34 64 86 48 49 73 5 25 98 12 2 3 6 29 37 48 46 61 22 36 38 42 64 77 89 32 36 32 53 83 63 81 99 97 24 33 51 35 55 68 39 81 34 95 35 7 10 12 13 91 23 73 31 50 67 34 88 95 71 81 20 68 87 53 6 7 9 44 66 54 67 6 7 18 10 19 34 98 47 20 44 29 14 15 16 52 85 87 1 2 3 5 6 7 9 10 26 32 34 86 41 76 35 65 42 49 92 53 77 55 57 82 64 24 26 40 45 72 86 59 92 99 11 18 28 49 74 18 28 36 62 31 51 77 86 87 59 66 11 45 90 40 65 45 49 76 4 6 60 7 8 51 11 14 17 19 56 31 54 74 87 82 63 66 63 68 97 16 35 38 86 99 17 59 12 20 13 13 69 98 16 19 34 42 53 63 87 99 53 4 25 9 16 40 58 79 89 93 94 46 77 88 10 17 53 96 100 29 30 40 42 54 47 88 47 54 78 67 12 12 19 94 34 47 78 55 94 58 70 33 44 80 4 15 32 23 35 77 48 16 65 17 20 44 77 25 44 
1
1
1
1
