0
0
1 1 2 10 39 44 77 66 47 92 51 14 67 99 100 96 35 36 54 59 81 89 53 2 4 11 22 36 48 95 25 33 45 62 64 75 87 44 54 61 88 62 87 72 11 12 34 46 76 13 32 44 82 57 58 100 49 82 94 7 13 58 85 95 99 64 20 83 98 28 38 9 33 56 74 34 15 19 29 57 94 30 96 21 39 69 46 3 3 12 12 22 37 50 86 74 24 30 76 50 78 65 67 9 17 29 56 74 84 85 99 35 60 56 6 68 54 2 4 23 26 44 54 55 79 58 79 59 89 30 95 51 14 31 95 87 38 41 90 98 9 33 83 91 96 40 57 54 13 24 31 55 50 26 31 58 67 62 1 2 4 5 5 9 96 101 100 39 94 85 7 16 19 50 26 23 91 68 12 58 90 16 11 14 76 90 53 38 40 74 69 57 62 8 15 36 81 58 43 55 58 11 33 57 85 40 82 65 2 3 10 16 21 24 42 47 86 60 50 64 73 30 54 56 60 76 82 73 87 28 31 34 59 11 19 73 98 36 47 87 89 13 18 28 34 50 71 52 67 41 85 32 57 50 56 42 90 15 21 41 46 2 3 5 12 23 37 49 96 26 34 46 63 65 76 88 45 55 62 89 63 88 73 12 13 35 47 77 14 33 45 83 58 59 101 50 83 95 8 14 59 86 96 100 65 21 84 99 29 39 10 34 57 75 35 16 20 30 58 95 31 97 22 40 70 47 13 23 38 51 87 75 25 31 77 51 79 10 14 32 59 68 56 34 41 47 47 3 4 4 8 95 100 99 38 93 84 6 15 18 49 25 22 90 67 11 57 89 15 10 13 75 89 52 37 39 73 68 56 61 7 14 35 80 57 42 54 57 10 32 56 84 13 33 39 81 64 49 57 88 
1 11 25 33 45 62 64 75 87 44 54 87 61 88 62 11 12 22 34 46 76 36 48 72 95 13 100 32 44 57 58 82 1 1 2 3 4 4 4 6 18 57 89 95 100 99 8 13 58 85 95 99 64 20 83 98 28 82 11 38 93 84 15 15 49 25 22 90 67 10 37 39 73 68 13 75 89 52 61 56 7 7 80 10 81 14 35 56 57 32 42 54 57 38 39 84 49 64 94 9 33 56 74 34 15 19 29 57 94 30 96 21 39 69 46 12 22 74 37 50 86 24 30 76 50 78 2 2 9 13 31 58 67 55 24 31 33 40 54 57 83 91 96 26 50 3 3 4 14 41 31 95 38 87 90 12 55 79 58 65 67 9 17 29 56 74 84 85 99 35 60 56 6 68 10 39 47 13 14 36 54 59 81 89 23 26 35 44 100 51 66 77 92 67 99 96 44 53 54 54 79 59 89 30 95 33 51 98 62 49 57 88 2 12 26 34 46 63 65 76 88 45 55 88 62 89 63 12 13 23 35 47 77 37 49 73 96 14 101 33 45 58 59 83 2 3 10 16 21 24 50 42 47 86 60 64 73 30 54 87 56 60 76 82 73 11 47 87 19 28 31 34 73 59 36 98 89 13 18 28 34 50 71 52 67 41 85 32 57 50 56 42 90 15 21 41 46 2 3 4 5 5 5 7 19 58 90 96 101 100 9 14 59 86 96 100 65 21 84 99 29 83 12 39 94 85 16 16 50 26 23 91 68 11 38 40 74 69 14 76 90 53 62 57 8 8 81 11 82 15 36 57 58 33 43 55 58 39 40 85 50 65 95 10 34 57 75 35 16 20 30 58 95 31 97 22 40 70 47 13 23 75 38 51 87 25 31 77 51 79 10 14 32 59 68 56 34 41 47 47 
1
1
1 2 4 5 5 9 96 101 100 39 94 85 7 16 19 50 26 23 91 68 12 58 90 16 11 14 76 90 53 38 40 74 69 57 62 8 15 36 81 58 43 55 58 11 33 57 85 40 82 65 2 3 10 16 21 24 42 47 86 60 50 64 73 30 54 56 60 76 82 73 87 28 31 34 59 11 19 73 98 36 47 87 89 13 18 28 34 50 71 52 67 41 85 32 57 50 56 42 90 15 21 41 46 2 3 5 12 23 37 49 96 26 34 46 63 65 76 88 45 55 62 89 63 88 73 12 13 35 47 77 14 33 45 83 58 59 101 50 83 95 8 14 59 86 96 100 65 21 84 99 29 39 10 34 57 75 35 16 20 30 58 95 31 97 22 40 70 47 13 23 38 51 87 75 25 31 77 51 79 10 14 32 59 68 56 34 41 47 47 1 2 10 39 44 77 66 47 92 51 14 67 99 100 96 35 36 54 59 81 89 53 2 4 11 22 36 48 95 25 33 45 62 64 75 87 44 54 61 88 62 87 72 11 12 34 46 76 13 32 44 82 57 58 100 49 82 94 7 13 58 85 95 99 64 20 83 98 28 38 9 33 56 74 34 15 19 29 57 94 30 96 21 39 69 46 3 3 12 12 22 37 50 86 74 24 30 76 50 78 65 67 9 17 29 56 74 84 85 99 35 60 56 6 68 54 2 3 4 4 8 95 100 99 38 93 84 6 15 18 49 25 22 90 67 11 57 89 15 10 13 75 89 52 37 39 73 68 56 61 7 9 33 83 91 96 40 57 54 10 13 13 33 39 81 64 49 26 57 88 62 31 58 67 24 31 55 50 32 56 84 14 35 80 57 42 54 57 4 23 26 44 54 55 79 58 79 59 89 30 95 51 14 31 95 87 38 41 90 98 
1 1 2 3 4 4 4 6 18 57 89 95 100 99 8 13 58 85 95 99 64 20 83 98 28 82 11 38 93 84 15 15 49 25 22 90 67 10 37 39 73 68 13 75 89 52 61 56 7 7 80 10 81 14 35 56 57 32 42 54 57 38 39 84 49 64 94 9 33 56 74 34 15 19 29 57 94 30 96 21 39 69 46 12 22 74 37 50 86 24 30 76 50 78 2 2 9 13 31 58 67 55 24 31 33 40 54 57 83 91 96 26 50 3 3 4 14 41 31 95 38 87 90 12 55 79 58 65 67 9 17 29 56 74 84 85 99 35 60 56 6 68 10 39 47 13 14 36 54 59 81 89 23 26 35 44 100 51 66 77 92 67 99 96 44 53 54 54 79 59 89 30 95 33 51 98 62 49 57 88 2 12 26 34 46 63 65 76 88 45 55 88 62 89 63 12 13 23 35 47 77 37 49 73 96 14 101 33 45 58 59 83 2 3 10 16 21 24 50 42 47 86 60 64 73 30 54 87 56 60 76 82 73 11 47 87 19 28 31 34 73 59 36 98 89 13 18 28 34 50 71 52 67 41 85 32 57 50 56 42 90 15 21 41 46 2 3 4 5 5 5 7 19 58 90 96 101 100 9 14 59 86 96 100 65 21 84 99 29 83 12 39 94 85 16 16 50 26 23 91 68 11 38 40 74 69 14 76 90 53 62 57 8 8 81 11 82 15 36 57 58 33 43 55 58 39 40 85 50 65 95 10 34 57 75 35 16 20 30 58 95 31 97 22 40 70 47 13 23 75 38 51 87 25 31 77 51 79 10 14 32 59 68 56 11 25 33 45 62 64 75 87 44 54 87 61 88 62 11 12 22 34 46 76 36 48 72 95 13 100 32 44 57 58 82 34 41 47 47 
1
1
1
1
