0
0
1 3 4 16 17 30 44 62 40 78 53 39 40 80 74 49 78 50 5 16 17 47 45 25 67 68 7 70 73 91 15 45 34 3 5 5 13 33 49 64 75 56 96 82 21 46 66 79 98 61 90 30 47 54 5 40 98 91 7 44 48 68 24 5 8 16 22 36 43 18 27 62 66 41 9 11 39 76 86 87 69 76 40 64 75 100 72 23 32 36 40 40 43 25 26 82 85 96 1 4 5 17 18 31 45 63 41 79 54 40 41 81 75 50 79 51 6 17 18 48 46 26 68 69 8 71 74 92 16 46 35 4 6 6 14 34 50 65 76 57 97 83 22 47 67 80 99 62 91 31 48 55 6 41 99 92 8 45 49 69 25 12 14 18 21 41 92 62 80 89 25 43 49 73 47 27 47 63 101 53 53 72 40 77 87 88 70 77 5 13 23 60 82 88 100 88 56 79 77 23 26 90 59 31 75 83 55 20 34 31 46 
1 3 5 46 66 79 98 61 5 5 44 48 40 98 68 91 13 56 33 49 64 3 4 16 17 39 49 5 7 15 45 70 73 7 16 67 17 80 21 25 30 40 44 40 53 62 78 45 47 50 74 78 34 68 91 75 96 82 90 30 47 54 24 5 11 39 76 69 76 86 87 100 8 62 66 9 16 22 36 18 27 43 40 41 75 64 72 23 32 43 36 40 40 25 26 82 85 96 1 5 13 79 23 23 75 26 56 31 59 60 82 88 100 77 88 90 83 55 20 34 31 46 4 6 47 67 80 99 62 6 6 45 49 41 99 69 92 14 57 34 50 65 4 5 17 18 40 50 6 8 16 46 71 74 8 17 68 18 81 22 26 31 41 45 41 54 63 79 46 48 51 75 79 35 69 92 76 97 83 91 31 48 55 25 12 40 77 70 77 87 88 14 41 92 18 21 27 53 53 72 62 63 80 89 25 43 49 73 47 47 101 
1
1
1 3 4 16 17 30 44 62 40 78 53 39 40 80 74 49 78 50 5 16 17 47 45 25 67 68 7 70 73 91 15 45 34 3 5 13 23 60 82 88 100 88 56 79 77 23 26 90 59 31 75 83 55 5 8 16 22 36 43 18 27 62 66 41 9 11 39 76 86 87 69 76 40 64 75 100 72 20 23 32 36 40 40 43 25 26 82 85 96 31 46 34 5 5 13 33 49 64 75 56 96 82 21 46 66 79 98 61 90 30 47 54 5 40 98 91 7 44 48 68 24 4 5 17 18 31 45 63 41 79 54 40 41 81 75 50 79 51 6 17 18 48 46 26 68 69 8 71 74 92 16 46 35 4 6 6 14 34 50 65 76 57 97 83 22 47 67 80 99 62 91 31 48 55 6 41 99 92 8 45 49 69 25 12 14 18 21 41 92 62 80 89 25 43 49 73 47 27 47 63 101 53 53 72 40 77 87 88 70 77 
1 5 13 79 23 23 75 26 56 31 59 60 82 88 100 77 88 90 83 55 20 34 31 46 3 5 46 66 79 98 61 5 5 44 48 40 98 68 91 13 56 33 49 64 3 4 16 17 39 49 5 7 15 45 70 73 7 16 67 17 80 21 25 30 40 44 40 53 62 78 45 47 50 74 78 34 68 91 75 96 82 90 30 47 54 24 4 6 47 67 80 99 62 6 6 45 49 41 99 69 92 14 57 34 50 65 4 5 17 18 40 50 6 8 16 46 71 74 8 17 68 18 81 22 26 31 41 45 41 54 63 79 46 48 51 75 79 35 69 92 76 97 83 91 31 48 55 25 5 11 39 76 69 76 86 87 100 8 62 66 9 16 22 36 18 27 43 40 41 75 64 72 12 40 77 70 77 87 88 14 41 92 18 21 27 53 53 72 62 63 80 89 23 32 43 36 40 40 25 43 49 73 25 26 82 85 96 47 47 101 
1
1
1
1
