0
0
1 1 1 3 5 5 7 13 13 14 39 42 60 79 59 96 94 27 56 39 41 100 22 37 100 46 35 85 9 17 21 23 73 57 31 80 89 7 41 58 100 10 58 69 13 12 42 43 44 71 29 42 82 47 50 6 6 10 11 15 38 70 48 57 13 53 69 74 11 62 86 66 69 72 75 9 15 31 60 68 86 84 45 69 82 48 65 77 21 44 94 81 21 25 27 86 62 75 2 2 6 7 18 37 20 99 24 80 28 10 21 25 37 38 65 61 90 96 95 40 47 76 22 85 87 4 7 12 65 76 52 45 48 55 14 46 100 93 6 7 11 66 15 57 75 82 10 16 17 92 70 83 87 58 21 66 97 2 4 6 6 8 14 14 15 40 43 61 80 60 97 95 28 57 40 42 101 23 38 101 47 36 86 10 18 22 24 74 58 32 81 90 8 42 59 101 11 59 70 14 13 43 44 45 72 30 43 83 48 51 7 10 49 66 78 32 61 69 87 85 12 16 39 71 49 58 14 54 70 2 2 2 3 8 27 58 36 35 56 88 69 4 69 74 100 78 37 37 87 95 4 6 7 33 35 44 46 78 100 84 40 91 47 35 35 52 52 68 69 69 83 99 79 93 57 77 89 78 68 100 63 95 84 54 85 10 25 91 94 3 3 7 38 74 86 9 86 75 3 5 57 89 98 5 25 27 35 66 35 36 48 74 84 77 54 71 101 93 61 48 53 21 49 76 96 21 62 4 5 6 20 60 83 87 93 100 100 29 31 70 76 85 39 23 45 46 93 25 40 92 77 99 14 22 83 31 28 78 49 66 13 23 81 81 68 95 17 22 25 69 78 38 25 27 91 28 69 73 18 22 49 47 21 32 23 1 2 2 6 37 73 85 8 85 74 2 4 56 88 97 4 24 26 34 65 34 35 47 73 83 76 53 70 100 92 60 47 52 20 48 75 95 20 61 3 10 15 64 67 81 15 33 35 94 33 46 59 67 75 51 77 82 59 92 99 1 2 7 26 57 35 34 55 87 68 3 68 73 99 77 36 36 86 94 3 9 21 93 68 14 22 24 90 94 5 6 32 34 43 45 77 99 83 39 90 46 34 34 51 51 67 68 68 82 98 78 92 56 76 88 77 67 99 62 94 83 16 53 84 94 
1 2 55 68 73 99 77 87 1 1 1 1 3 7 34 39 59 96 42 60 79 94 26 57 35 68 3 5 5 14 32 68 68 82 98 34 39 90 77 86 27 56 7 7 69 10 41 58 58 100 13 13 13 39 41 100 22 85 35 37 100 46 9 17 21 23 73 57 31 80 89 12 42 43 44 71 29 42 82 47 50 6 6 31 60 68 86 9 15 57 38 11 48 48 65 70 77 84 13 53 34 34 36 36 69 43 45 94 99 46 83 51 51 67 78 92 56 67 76 88 77 99 62 94 2 2 2 3 5 47 70 73 83 76 100 83 92 53 84 4 9 24 90 24 34 35 53 93 60 26 34 47 65 20 61 4 6 37 73 85 8 85 20 74 48 52 56 88 97 75 95 3 67 6 10 10 15 59 67 64 75 81 14 15 33 35 21 33 46 94 51 77 82 59 92 99 22 68 16 94 74 94 11 69 15 62 86 66 72 75 45 69 82 21 21 62 75 25 27 44 94 81 86 6 10 25 37 38 65 61 90 96 22 85 7 18 37 20 99 24 80 28 87 2 3 56 69 74 100 78 88 2 2 2 83 87 93 100 5 6 17 20 27 91 60 69 100 22 25 28 29 39 70 25 69 78 38 73 18 21 32 22 49 23 47 31 76 85 40 14 78 21 22 83 28 31 66 92 77 95 40 47 76 4 7 12 14 46 100 48 93 65 76 45 52 55 2 2 4 8 35 40 60 97 43 61 80 95 27 58 36 69 4 6 6 15 33 69 69 83 99 35 40 91 78 87 28 57 8 8 70 11 42 59 59 101 14 14 14 40 42 101 23 86 36 38 101 47 10 18 22 24 74 58 32 81 90 13 43 44 45 72 30 43 83 48 51 7 7 32 61 69 87 10 16 58 39 12 49 49 66 71 78 85 14 54 35 35 37 37 70 44 46 95 100 47 84 52 52 68 79 93 57 68 77 89 78 100 63 95 3 3 3 4 6 48 71 74 84 77 101 84 93 54 85 5 10 25 91 25 35 36 54 94 61 27 35 48 66 21 62 5 7 38 74 86 9 86 21 75 49 53 57 89 98 76 96 4 6 17 92 83 87 7 57 75 10 11 66 15 82 16 70 58 21 66 23 25 97 45 46 49 93 99 13 95 23 81 68 81 
1
1
1 1 1 3 5 5 7 13 13 14 39 42 60 79 59 96 94 27 56 39 41 100 22 37 100 46 35 85 9 17 21 23 73 57 31 80 89 7 41 58 100 10 58 69 13 12 42 43 44 71 29 42 82 47 50 6 6 10 11 15 38 70 48 57 13 53 69 74 11 62 86 66 69 72 75 9 15 31 60 68 86 84 45 69 82 48 65 77 21 44 94 81 21 25 27 86 62 75 2 2 6 7 18 37 20 99 24 80 28 10 21 25 37 38 65 61 90 96 95 40 47 76 22 85 87 4 7 12 65 76 52 45 48 55 14 46 100 93 6 7 11 66 15 57 75 82 10 16 17 92 70 83 87 58 21 66 97 1 2 4 6 6 8 14 14 15 40 43 61 80 60 97 95 28 57 40 42 101 23 38 101 47 36 86 10 18 22 24 74 58 32 81 90 8 42 59 101 11 59 70 14 13 43 44 45 72 30 43 83 48 51 7 10 49 66 78 32 61 69 87 85 12 16 39 71 49 58 14 54 70 2 2 2 3 8 27 58 36 35 56 88 69 4 69 74 100 78 37 37 87 95 4 6 7 33 35 44 46 78 100 84 40 91 47 35 35 52 52 68 69 69 83 99 79 93 57 77 89 78 68 100 63 95 84 54 85 10 25 91 94 3 3 7 38 74 86 9 86 75 3 5 57 89 98 5 25 27 35 66 35 36 48 74 84 77 54 71 101 93 61 48 53 21 49 76 96 21 62 4 5 6 20 60 83 87 93 100 100 29 31 70 76 85 39 23 45 46 93 25 40 92 77 99 14 22 83 31 28 78 49 66 13 23 81 81 68 95 3 9 21 93 68 14 22 24 90 94 5 6 32 34 43 45 77 99 83 39 90 46 34 34 51 51 67 68 68 82 98 78 92 56 76 88 77 67 99 62 94 83 16 17 22 25 69 78 38 25 27 91 28 69 73 18 22 49 47 21 32 23 94 53 84 2 7 26 57 35 34 55 87 68 3 68 73 99 77 36 36 86 94 2 2 6 37 73 85 8 85 74 2 4 56 88 97 4 24 26 34 65 34 35 47 73 83 76 53 70 100 92 60 47 52 20 48 75 95 20 61 3 10 15 64 67 81 15 33 35 94 33 46 59 67 75 51 77 82 59 92 99 
1 1 1 1 3 7 34 39 59 96 42 60 79 94 26 57 35 68 3 5 5 14 32 68 68 82 98 34 39 90 77 86 27 56 7 7 69 10 41 58 58 100 13 13 13 39 41 100 22 85 35 37 100 46 9 17 21 23 73 57 31 80 89 12 42 43 44 71 29 42 82 47 50 6 6 31 60 68 86 9 15 57 38 11 48 48 65 70 77 84 13 53 34 34 36 36 69 43 45 94 99 46 83 51 51 67 78 92 56 67 76 88 77 99 62 94 2 2 2 3 5 47 70 73 83 76 100 83 92 53 84 4 9 24 90 24 34 35 53 93 60 26 34 47 65 20 61 4 6 37 73 85 8 85 20 74 48 52 56 88 97 75 95 3 67 6 10 10 15 59 67 64 75 81 14 15 33 35 21 33 46 94 51 77 82 59 92 99 22 68 16 94 74 94 11 69 15 62 86 66 72 75 45 69 82 21 21 62 75 25 27 44 94 81 86 6 10 25 37 38 65 61 90 96 22 85 7 18 37 20 99 24 80 28 87 2 55 2 3 56 69 74 100 78 88 2 2 2 83 87 93 100 5 6 17 20 27 91 60 69 100 22 25 28 29 39 70 25 69 78 38 73 18 21 32 22 49 23 47 31 76 85 40 14 78 21 22 83 28 31 66 92 77 95 40 47 76 4 7 12 14 46 100 48 93 65 76 45 52 55 2 2 4 8 35 40 60 97 43 61 80 95 27 58 36 69 4 6 6 15 33 69 69 83 99 35 40 91 78 87 28 57 8 8 70 11 42 59 59 101 14 14 14 40 42 101 23 86 36 38 101 47 10 18 22 24 74 58 32 81 90 13 43 44 45 72 30 43 83 48 51 7 7 32 61 69 87 10 16 58 39 12 49 49 66 71 78 85 14 54 35 35 37 37 70 44 46 95 100 47 84 52 52 68 79 93 57 68 77 89 78 100 63 95 3 3 3 4 6 48 71 74 84 77 101 84 93 54 85 5 10 25 91 25 35 36 54 94 61 27 35 48 66 21 62 5 7 38 74 86 9 86 21 75 49 53 57 89 98 76 96 4 6 17 92 83 87 7 57 75 10 11 66 15 82 16 70 58 21 66 23 25 97 45 46 49 93 99 13 95 23 81 68 73 99 68 81 77 87 
1
1
1
1
