0
0
1 1 1 3 5 5 7 13 13 14 39 42 60 79 59 96 94 27 56 39 41 100 22 37 100 46 35 85 9 17 21 23 73 57 31 80 89 7 41 58 100 10 58 69 13 12 42 43 44 71 29 42 82 47 50 6 6 10 11 15 38 70 48 57 13 53 69 74 11 62 86 66 69 72 75 9 15 31 60 68 86 84 45 69 82 48 65 77 21 44 94 81 21 25 27 86 62 75 2 2 6 7 18 37 20 99 24 80 28 10 21 25 37 38 65 61 90 96 95 40 47 76 22 85 87 4 7 12 65 76 52 45 48 55 14 46 100 93 6 7 11 66 15 57 75 82 10 16 17 92 70 83 87 58 21 66 97 2 4 6 6 8 14 14 15 40 43 61 80 60 97 95 28 57 40 42 101 23 38 101 47 36 86 10 18 22 24 74 58 32 81 90 8 42 59 101 11 59 70 14 13 43 44 45 72 30 43 83 48 51 7 10 49 66 78 32 61 69 87 85 12 16 39 71 49 58 14 54 70 2 2 2 3 8 27 58 36 35 56 88 69 4 69 74 100 78 37 37 87 95 4 6 7 33 35 44 46 78 100 84 40 91 47 35 35 52 52 68 69 69 83 99 79 93 57 77 89 78 68 100 63 95 84 54 85 10 25 91 94 3 3 7 38 74 86 9 86 75 3 5 57 89 98 5 25 27 35 66 35 36 48 74 84 77 54 71 101 93 61 48 53 21 49 76 96 21 62 4 5 6 20 60 83 87 93 100 100 29 31 70 76 85 39 23 45 46 93 25 40 92 77 99 14 22 83 31 28 78 49 66 13 23 81 81 68 95 17 22 25 69 78 38 25 27 91 28 69 73 18 22 49 47 21 32 23 1 2 2 6 37 73 85 8 85 74 2 4 56 88 97 4 24 26 34 65 34 35 47 73 83 76 53 70 100 92 60 47 52 20 48 75 95 20 61 3 10 15 64 67 81 15 33 35 94 33 46 59 67 75 51 77 82 59 92 99 1 2 7 26 57 35 34 55 87 68 3 68 73 99 77 36 36 86 94 3 9 21 93 68 14 22 24 90 94 5 6 32 34 43 45 77 99 83 39 90 46 34 34 51 51 67 68 68 82 98 78 92 56 76 88 77 67 99 62 94 83 16 53 84 94 
1 1 2 2 6 6 6 7 8 11 21 27 52 59 74 99 30 57 86 99 10 35 40 43 54 69 95 101 97 47 70 37 71 86 79 85 10 54 57 57 77 44 48 61 72 95 21 25 76 25 75 6 13 46 70 78 95 52 17 23 18 28 48 69 73 70 91 100 93 23 76 3 3 6 7 8 32 70 98 87 89 10 40 47 83 42 49 27 93 9 14 18 48 61 52 40 84 87 49 69 16 54 100 43 100 101 49 74 2 3 5 68 11 13 36 38 81 84 42 63 66 14 69 94 77 22 35 66 44 95 58 23 28 59 84 33 35 36 71 61 83 69 88 74 78 51 93 4 4 32 37 53 78 68 74 78 4 12 14 15 62 101 69 90 24 43 68 8 14 35 58 39 38 46 56 78 91 80 58 60 100 45 35 86 3 5 35 96 36 48 91 101 85 21 7 89 1 2 2 22 31 81 48 61 73 81 28 55 45 5 8 13 17 39 48 58 68 83 86 47 60 51 15 42 44 100 99 53 99 25 82 6 40 6 11 26 92 7 31 69 97 86 88 9 39 46 82 41 48 14 15 32 45 59 72 99 86 25 62 83 67 94 69 57 3 4 10 15 21 85 92 21 39 46 64 15 24 76 38 49 5 7 97 5 5 9 43 47 83 60 71 94 94 53 76 90 56 56 6 83 6 7 26 29 33 56 85 51 58 73 98 9 34 39 42 53 68 94 100 96 46 69 36 70 85 78 84 18 25 20 27 33 74 24 24 62 75 1 2 2 4 12 81 10 14 77 20 29 47 80 22 38 65 96 100 7 93 21 22 60 93 31 47 85 25 95 82 87 1 2 3 3 3 11 13 23 23 42 14 61 100 68 89 21 67 7 13 38 76 34 57 37 44 94 45 55 77 90 79 57 59 99 31 45 67 74 77 73 36 77 87 52 16 21 28 34 37 85 99 75 75 4 10 10 21 34 43 46 57 94 65 22 50 82 92 27 58 83 32 34 35 70 60 82 68 87 73 77 12 13 17 76 68 93 35 37 80 83 41 62 65 14 100 37 22 75 27 51 67 81 86 2 49 65 66 2 6 7 16 35 66 88 75 22 20 66 25 59 66 92 4 10 15 68 92 20 69 78 34 35 40 77 47 84 94 90 100 69 87 95 
1
1
1 1 1 3 5 5 7 13 13 14 39 42 60 79 59 96 94 27 56 39 41 100 22 37 100 46 35 85 9 17 21 23 73 57 31 80 89 7 41 58 100 10 58 69 13 12 42 43 44 71 29 42 82 47 50 6 6 10 11 15 38 70 48 57 13 53 69 74 11 62 86 66 69 72 75 9 15 31 60 68 86 84 45 69 82 48 65 77 21 44 94 81 21 25 27 86 62 75 2 2 6 7 18 37 20 99 24 80 28 10 21 25 37 38 65 61 90 96 95 40 47 76 22 85 87 4 7 12 65 76 52 45 48 55 14 46 100 93 6 7 11 66 15 57 75 82 10 16 17 92 70 83 87 58 21 66 97 1 2 4 6 6 8 14 14 15 40 43 61 80 60 97 95 28 57 40 42 101 23 38 101 47 36 86 10 18 22 24 74 58 32 81 90 8 42 59 101 11 59 70 14 13 43 44 45 72 30 43 83 48 51 7 10 49 66 78 32 61 69 87 85 12 16 39 71 49 58 14 54 70 2 2 2 3 8 27 58 36 35 56 88 69 4 69 74 100 78 37 37 87 95 4 6 7 33 35 44 46 78 100 84 40 91 47 35 35 52 52 68 69 69 83 99 79 93 57 77 89 78 68 100 63 95 84 54 85 10 25 91 94 3 3 7 38 74 86 9 86 75 3 5 57 89 98 5 25 27 35 66 35 36 48 74 84 77 54 71 101 93 61 48 53 21 49 76 96 21 62 4 5 6 20 60 83 87 93 100 100 29 31 70 76 85 39 23 45 46 93 25 40 92 77 99 14 22 83 31 28 78 49 66 13 23 81 81 68 95 3 9 21 93 68 14 22 24 90 94 5 6 32 34 43 45 77 99 83 39 90 46 34 34 51 51 67 68 68 82 98 78 92 56 76 88 77 67 99 62 94 83 16 17 22 25 69 78 38 25 27 91 28 69 73 18 22 49 47 21 32 23 94 53 84 2 7 26 57 35 34 55 87 68 3 68 73 99 77 36 36 86 94 2 2 6 37 73 85 8 85 74 2 4 56 88 97 4 24 26 34 65 34 35 47 73 83 76 53 70 100 92 60 47 52 20 48 75 95 20 61 3 10 15 64 67 81 15 33 35 94 33 46 59 67 75 51 77 82 59 92 99 
1 1 1 1 2 2 3 4 5 5 18 20 24 34 69 75 95 87 35 40 77 47 84 94 90 100 24 62 27 33 74 25 5 9 43 47 83 60 71 94 94 53 76 90 56 56 6 83 6 7 26 29 33 56 85 51 58 73 98 9 34 39 42 53 68 94 100 96 46 69 36 70 85 78 84 7 97 10 15 68 92 20 69 78 4 10 15 21 85 92 21 39 46 64 15 24 76 38 49 6 7 16 35 66 88 75 22 20 66 25 59 66 92 49 65 66 2 2 22 31 81 48 61 73 81 28 55 45 5 8 13 17 39 48 58 68 83 86 47 60 51 15 42 44 100 99 53 99 25 82 6 40 6 11 26 92 7 31 69 97 86 88 9 39 46 82 41 48 14 15 32 45 59 72 99 86 25 62 83 67 94 69 57 2 3 3 3 11 13 23 23 42 14 61 100 68 89 21 67 7 13 38 76 34 57 37 44 94 45 55 77 90 79 57 59 99 31 45 67 74 77 73 36 77 87 52 16 21 28 34 37 85 99 75 75 4 10 10 21 34 43 46 57 94 65 22 50 82 92 27 58 83 32 34 35 70 60 82 68 87 73 77 12 13 17 76 68 93 35 37 80 83 41 62 65 14 100 37 22 75 27 51 67 81 86 2 2 6 6 6 7 8 11 21 27 52 59 74 99 30 57 86 99 10 35 40 43 54 69 95 101 97 47 70 37 71 86 79 85 10 54 57 57 77 44 48 61 72 95 21 25 76 25 75 6 13 46 70 78 95 52 17 23 18 28 48 69 73 70 91 100 93 23 76 3 3 6 7 8 32 70 98 87 89 10 40 47 83 42 49 27 93 9 14 18 48 61 52 40 84 87 49 69 16 54 100 43 100 101 49 74 2 3 5 68 11 13 36 38 81 84 42 63 66 14 69 94 77 22 35 66 44 95 58 23 28 59 84 33 35 36 71 61 83 69 88 74 78 51 93 4 4 32 37 53 78 68 74 78 4 12 14 15 62 101 69 90 24 43 68 8 14 35 58 39 38 46 56 78 91 80 58 60 100 45 35 86 3 5 35 96 36 48 91 101 85 21 7 89 2 2 4 12 81 10 14 77 20 29 47 80 22 38 65 96 100 7 93 21 22 60 93 31 47 85 25 95 82 87 
1
1
1
1
