0
0
1 2 2 2 16 18 65 53 35 42 53 3 3 9 10 16 45 91 76 21 30 30 42 92 92 55 67 49 82 82 13 63 77 89 49 57 63 63 83 63 5 28 29 35 47 64 72 99 53 66 76 28 41 54 75 51 34 34 63 82 97 92 77 11 83 87 19 43 11 17 26 62 31 39 42 6 10 50 58 80 81 98 99 24 48 64 21 28 32 47 67 99 59 47 71 74 3 5 9 27 68 58 37 81 40 12 13 94 20 35 100 40 5 7 11 19 34 43 78 69 94 73 17 36 86 88 53 10 17 43 62 55 12 12 12 67 70 94 13 28 30 41 68 31 40 55 74 16 21 29 29 97 24 34 34 60 65 54 83 86 13 12 19 23 70 46 54 73 77 21 78 39 95 45 87 49 1 2 2 12 15 33 82 36 61 24 37 54 88 19 60 98 100 82 23 39 88 88 16 21 33 62 42 27 62 74 78 32 60 65 72 75 67 67 85 99 43 87 69 3 3 3 17 19 66 54 36 43 54 4 4 10 11 17 46 92 77 22 31 31 43 93 93 56 68 50 83 83 14 64 78 90 50 58 64 64 84 64 6 29 30 36 48 65 73 100 54 67 77 29 42 55 76 52 35 35 64 83 98 93 78 12 84 88 20 44 12 18 27 63 32 40 43 7 11 51 59 81 82 99 100 25 49 65 22 29 33 48 68 100 60 48 72 75 13 13 68 71 95 14 29 31 42 69 32 41 56 75 22 30 30 98 35 35 61 66 84 87 1 1 1 1 11 14 32 81 35 60 23 36 53 87 18 59 97 99 81 22 38 87 87 15 20 32 61 41 26 61 73 77 31 36 42 86 44 68 86 94 89 59 64 71 74 66 66 84 98 5 7 13 16 19 20 25 33 33 44 47 47 49 90 34 46 41 6 6 8 53 52 16 20 45 53 93 95 56 61 80 33 88 10 42 88 4 4 4 6 12 44 79 85 98 76 77 87 23 54 87 15 17 29 65 95 25 91 96 6 34 67 68 94 77 44 77 48 7 7 20 38 98 51 98 14 35 40 44 51 66 47 49 16 7 9 15 60 18 15 65 25 48 32 68 86 
1 20 61 1 1 1 1 1 3 9 10 21 26 32 42 92 92 67 41 61 73 30 30 55 77 49 82 16 45 91 76 82 63 13 28 41 54 75 51 63 82 97 83 92 15 77 31 59 64 71 74 66 66 84 98 42 86 2 2 2 3 5 11 81 14 18 87 32 99 35 60 22 23 36 53 38 59 87 97 81 28 49 57 63 68 87 89 63 63 29 53 34 34 35 47 64 72 66 99 76 77 11 83 87 19 43 26 11 16 35 17 18 65 42 53 53 62 31 39 42 3 5 6 10 12 40 24 67 48 12 13 28 31 59 70 94 30 41 68 55 74 16 21 21 65 28 29 29 34 34 60 97 86 32 47 50 58 67 81 80 98 64 99 99 24 47 71 54 74 83 7 19 23 70 46 54 73 77 21 78 95 10 11 19 34 43 78 69 94 73 12 17 36 86 88 53 12 13 17 43 62 55 39 45 87 5 9 37 27 68 40 58 81 12 35 100 13 94 20 40 36 44 49 86 94 89 5 7 13 47 47 49 16 19 20 25 90 33 33 44 34 46 41 6 6 53 8 53 16 20 45 52 93 95 56 61 80 33 88 10 42 88 4 4 4 12 77 87 6 17 29 44 79 95 85 76 98 6 34 67 68 94 77 7 7 15 20 98 23 38 77 54 65 87 25 91 44 96 48 98 51 14 35 40 44 51 66 47 49 16 7 9 15 15 60 18 65 25 48 32 68 86 2 21 62 2 4 10 11 22 27 33 43 93 93 68 42 62 74 31 31 56 78 50 83 17 46 92 77 83 64 14 29 42 55 76 52 64 83 98 84 93 16 78 32 60 65 72 75 67 67 85 99 43 87 3 3 3 4 6 12 82 15 19 88 33 100 36 61 23 24 37 54 39 60 88 98 82 29 50 58 64 69 88 90 64 64 30 54 35 35 36 48 65 73 67 100 77 78 12 84 88 20 44 27 12 17 36 18 19 66 43 54 54 63 32 40 43 7 11 13 41 25 68 49 13 14 29 32 60 71 95 31 42 69 56 75 22 22 66 29 30 30 35 35 61 98 87 33 48 51 59 68 82 81 99 65 100 100 48 72 75 84 
1
1
1 2 2 12 15 33 82 36 61 24 37 54 88 19 60 98 100 82 23 39 88 88 16 21 33 62 42 27 62 74 78 32 60 65 72 75 67 67 85 99 43 87 69 3 3 3 17 19 66 54 36 43 54 4 4 10 11 17 46 92 77 22 31 31 43 93 93 56 68 50 83 83 14 64 78 90 50 58 64 64 84 64 6 29 30 36 48 65 73 100 54 67 77 29 42 55 76 52 35 35 64 83 98 93 78 12 84 88 20 44 12 18 27 63 32 40 43 7 11 51 59 81 82 99 100 25 49 65 22 29 33 48 68 100 60 48 72 75 13 13 68 71 95 14 29 31 42 69 32 41 56 75 22 30 30 98 35 35 61 66 84 87 1 2 2 2 16 18 65 53 35 42 53 3 3 9 10 16 45 91 76 21 30 30 42 92 92 55 67 49 82 82 13 63 77 89 49 57 63 63 83 63 5 28 29 35 47 64 72 99 53 66 76 28 41 54 75 51 34 34 63 82 97 92 77 11 83 87 19 43 11 17 26 62 31 39 42 6 10 50 58 80 81 98 99 24 48 64 21 28 32 47 67 99 59 47 71 74 3 5 9 27 68 58 37 81 40 12 13 94 20 35 100 40 5 7 11 19 34 43 78 69 94 73 17 36 86 88 53 10 17 43 62 55 12 12 12 67 70 94 13 28 30 41 68 31 40 55 74 16 21 29 29 97 24 34 34 60 65 54 83 86 13 12 19 23 70 46 54 73 77 21 78 39 95 45 87 49 1 1 1 11 14 32 81 35 60 23 36 53 87 18 59 97 99 81 22 38 87 87 15 20 32 61 41 26 61 73 77 31 36 42 86 44 68 86 94 89 59 64 71 74 66 66 84 98 5 7 13 16 19 20 25 33 33 44 47 47 49 90 34 46 41 6 6 8 53 52 16 20 45 53 93 95 56 61 80 33 88 10 42 88 4 4 4 6 12 44 79 85 98 76 77 87 23 54 87 15 17 29 65 95 25 91 96 6 34 67 68 94 77 44 77 48 7 7 20 38 98 51 98 14 35 40 44 51 66 47 49 16 7 9 15 60 18 15 65 25 48 32 68 86 
1 1 1 1 1 3 9 10 21 26 32 42 92 92 67 41 61 73 30 30 55 77 49 82 16 45 91 76 82 63 13 28 41 54 75 51 63 82 97 83 92 15 77 31 59 64 71 74 66 66 84 98 42 86 2 2 2 3 5 11 81 14 18 87 32 99 35 60 22 23 36 53 38 59 87 97 81 28 49 57 63 68 87 89 63 63 29 53 34 34 35 47 64 72 66 99 76 77 11 83 87 19 43 26 11 16 35 17 18 65 42 53 53 62 31 39 42 3 5 6 10 12 40 24 67 48 12 13 28 31 59 70 94 30 41 68 55 74 16 21 21 65 28 29 29 34 34 60 97 86 32 47 50 58 67 81 80 98 64 99 99 24 47 71 54 74 83 7 19 23 70 46 54 73 77 21 78 95 10 11 19 34 43 78 69 94 73 12 17 36 86 88 53 12 13 17 43 62 55 39 45 87 5 9 37 27 68 40 58 81 12 35 100 13 94 20 40 36 44 49 86 94 89 5 7 13 47 47 49 16 19 20 25 90 33 33 44 34 46 41 6 6 53 8 53 16 20 45 52 93 95 56 61 80 33 88 10 42 88 4 4 4 12 77 87 6 17 29 44 79 95 85 76 98 6 34 67 68 94 77 7 7 15 20 98 23 38 77 54 65 87 25 91 44 96 48 98 51 14 35 40 44 51 66 47 49 16 7 9 15 15 60 18 65 25 48 32 68 86 2 21 62 2 4 10 11 22 27 33 43 93 93 68 42 62 74 31 31 56 78 50 83 17 46 92 77 83 64 14 29 42 55 76 52 64 83 98 84 93 16 78 32 60 65 72 75 67 67 85 99 43 87 3 3 3 4 6 12 82 15 19 88 33 100 36 61 23 24 37 54 39 60 88 98 82 29 50 58 64 69 88 90 64 64 30 54 35 35 36 48 65 73 67 100 77 78 12 84 88 20 44 27 12 17 36 18 19 66 43 54 54 63 32 40 43 7 11 13 41 25 68 49 13 14 29 32 60 71 95 31 42 69 56 75 20 61 22 22 66 29 30 30 35 35 61 98 87 33 48 51 59 68 82 81 99 65 100 100 48 72 75 84 
1
1
1
1
